1159 -13 -83
1323 -11 -84
1474 -8 -83
1637 -5 -83
1800 -2 -84
1961 1 -84
2123 4 -83
2275 6 -83
2437 7 -84
2598 8 -84
2761 9 -83
2923 9 -83
3075 8 -84
3236 7 -84
3398 5 -83
3560 3 -83
3722 0 -83
3873 -3 -84
4035 -5 -83
4199 -7 -82
4362 -10 -83
4514 -12 -84
4677 -13 -83
4840 -14 -82
4993 -14 -82
5155 -14 -83
5318 -13 -83
5481 -12 -82
5634 -10 -82
5796 -8 -83
5960 -6 -83
6112 -4 -82
6275 -1 -83
6436 1 -84
6598 3 -84
6760 5 -83
6912 6 -83
7073 7 -84
7235 7 -84
7398 7 -83
7560 6 -83
7711 5 -84
7873 3 -84
8035 2 -83
8197 -1 -83
8359 -3 -83
8511 -5 -83
8674 -7 -83
8838 -9 -82
9000 -10 -83
9153 -12 -83
9316 -12 -83
9479 -12 -83
9631 -12 -83
9794 -11 -83
9957 -10 -83
10109 -9 -82
10272 -7 -83
10435 -5 -83
10598 -3 -83
10748 -1 -82
10911 1 -83
11073 3 -84
11235 5 -83
11398 6 -83
11548 7 -83
11711 7 -84
11873 7 -84
12035 7 -83
12197 6 -83
12348 5 -84
12511 3 -83
12673 1 -83
12834 0 -83
12997 -2 -83
13148 -4 -83
13310 -6 -82
13474 -7 -82
13637 -9 -83
13790 -9 -83
13953 -10 -82
14115 -10 -83
14268 -9 -83
14431 -8 -83
14595 -7 -83
14757 -6 -83
14909 -4 -83
15072 -3 -83
15234 -1 -83
15395 1 -83
15547 2 -83
15709 3 -83
15872 3 -83
16033 4 -83
16195 3 -83
16347 3 -83
16508 2 -83
16671 2 -83
16833 0 -83
16995 -1 -84
17146 -2 -83
17308 -4 -83
17472 -5 -83
17635 -6 -83
17786 -7 -83
17950 -8 -83
18113 -9 -83
18266 -9 -83
18428 -10 -82
18591 -9 -82
18755 -9 -83
18907 -8 -83
19069 -7 -83
19233 -6 -82
19385 -5 -83
19548 -4 -83
19709 -3 -83
19871 -2 -83
20034 -1 -83
20185 0 -84
20347 0 -84
20509 0 -83
20671 0 -83
20834 0 -84
20984 0 -83
21147 -1 -83
21309 -1 -83
21471 -2 -83
21634 -3 -83
21784 -4 -83
21948 -5 -83
22111 -6 -83
22263 -7 -83
22426 -8 -83
22589 -8 -83
22752 -8 -83
22904 -8 -83
23067 -8 -83
23230 -8 -83
23383 -7 -83
23545 -7 -83
23709 -6 -83
23861 -5 -83
24025 -5 -83
24186 -4 -83
24348 -3 -83
24510 -2 -83
24662 -1 -83
24824 -1 -83
24986 0 -83
25148 0 -83
25310 0 -84
25461 0 -84
25624 0 -83
25786 0 -83
25948 0 -83
26109 -1 -83
26261 -1 -83
26423 -2 -83
26586 -2 -83
26747 -3 -83
26909 -3 -83
27061 -4 -83
27224 -5 -83
27387 -5 -83
27539 -5 -83
27703 -5 -83
27866 -5 -83
28028 -5 -83
28181 -5 -83
28344 -5 -83
28507 -4 -83
28669 -4 -83
28820 -3 -83
28983 -2 -83
29145 -2 -83
29306 -2 -83
29458 -1 -83
29620 -1 -83
29783 -1 -83
29944 0 -83
30106 0 -83
30258 -1 -83
30419 -1 -83
30582 -1 -84
30744 -2 -84
30906 -2 -84
31057 -3 -83
31219 -6 -82
31383 -11 -82
31546 -16 -83
31698 -22 -83
31861 -28 -83
32024 -32 -83
32177 -35 -82
32339 -35 -82
32503 -34 -82
32666 -31 -83
32819 -26 -83
32982 -20 -82
33144 -14 -82
33297 -6 -83
33459 1 -83
33622 9 -83
33783 15 -83
33945 21 -84
34097 26 -85
34258 30 -85
34421 31 -85
34583 32 -85
34745 31 -86
34896 28 -85
35059 24 -85
35221 19 -85
35383 13 -84
35546 6 -84
35696 0 -83
35859 -7 -83
36022 -14 -83
36185 -20 -82
36337 -24 -82
36500 -28 -82
36664 -30 -82
36815 -31 -82
36979 -30 -82
37142 -28 -82
37295 -24 -83
37457 -20 -83
37620 -14 -83
37784 -8 -83
37936 -2 -84
38098 4 -84
38260 10 -83
38422 16 -84
38574 20 -84
38735 23 -84
38898 25 -84
39060 26 -84
39222 25 -85
39373 23 -85
39536 19 -84
39698 15 -84
39860 10 -84
40023 4 -84
40173 -2 -83
40336 -8 -83
40499 -14 -83
40662 -19 -83
40814 -24 -82
40977 -27 -82
41141 -29 -83
41292 -29 -83
41456 -28 -82
41619 -26 -82
41772 -23 -82
41934 -18 -83
42097 -13 -83
42261 -8 -83
42412 -2 -83
42574 3 -84
42736 8 -84
42898 12 -84
43061 16 -84
43211 18 -84
43374 20 -84
43536 20 -84
43699 20 -84
43860 18 -84
44012 15 -84
44174 11 -84
44336 6 -84
44498 2 -83
44649 -4 -83
44813 -9 -83
44976 -13 -83
45138 -18 -83
45291 -21 -83
45454 -24 -82
45618 -26 -83
45769 -27 -83
45933 -26 -83
46096 -25 -82
46259 -22 -83
46411 -19 -83
46574 -15 -83
46738 -10 -83
46889 -5 -83
47052 0 -83
47214 5 -84
47376 10 -84
47539 14 -84
47689 16 -84
47852 18 -85
48014 20 -84
48176 19 -84
48327 18 -84
48489 16 -84
48652 13 -84
48814 10 -84
48976 6 -83
49127 1 -83
49611 -11 -83
49775 -15 -83
49927 -17 -83
50091 -19 -82
50253 -20 -83
50416 -20 -83
50569 -19 -83
50732 -18 -83
50895 -15 -83
51047 -12 -83
51211 -9 -83
51374 -5 -83
51526 -2 -83
51688 2 -83
51850 6 -83
52013 9 -84
52174 11 -84
52326 13 -84
52488 14 -84
52649 14 -84
52812 14 -84
52974 12 -84
53126 10 -84
53287 8 -84
53450 4 -84
53612 1 -83
53774 -3 -83
53926 -6 -83
54089 -9 -83
54252 -12 -83
54405 -15 -83
54567 -16 -82
54731 -17 -82
54894 -17 -83
55047 -17 -83
55209 -15 -83
55372 -14 -83
55525 -11 -83
55688 -8 -83
55852 -5 -83
56003 -2 -83
56166 1 -83
56328 4 -83
56489 7 -83
56651 9 -83
56803 11 -84
56966 12 -84
57127 12 -84
57289 12 -84
57452 11 -84
57603 9 -84
57765 7 -84
57927 5 -83
58089 2 -83
58252 -1 -83
58402 -3 -83
58566 -6 -83
58729 -8 -83
58892 -10 -83
59044 -11 -83
59207 -12 -82
59370 -12 -82
59523 -12 -83
59686 -11 -83
59849 -9 -83
60002 -8 -83
60165 -6 -83
60327 -3 -83
60489 -1 -83
60641 1 -83
60803 4 -83
60965 5 -84
61127 7 -84
61289 8 -83
61441 9 -84
61602 9 -84
61765 9 -84
61927 8 -83
62089 7 -83
62240 5 -84
62402 3 -83
62565 0 -83
62727 -2 -83
62889 -4 -83
63042 -6 -83
63205 -8 -83
63368 -10 -83
63520 -11 -83
63683 -12 -83
63847 -12 -83
63998 -12 -83
64162 -11 -83
64325 -10 -83
64488 -9 -83
64641 -7 -83
64803 -6 -83
64966 -4 -83
65118 -2 -83
65281 0 -83
65442 2 -83
65604 3 -84
65766 4 -83
65917 5 -83
66080 5 -83
66242 5 -83
66404 5 -83
66566 4 -83
66717 3 -83
66879 2 -83
67042 0 -83
67204 -1 -83
67365 -3 -83
67518 -5 -83
67681 -6 -83
68644 -9 -83
68797 -9 -83
68960 -8 -83
69124 -7 -83
69275 -5 -83
69438 -4 -83
69601 -2 -83
69763 -1 -83
69924 0 -83
70076 1 -83
70238 2 -83
70401 2 -84
70562 2 -83
70724 2 -83
70876 2 -83
71037 1 -83
71200 0 -83
71362 -1 -83
71524 -2 -83
71675 -4 -83
71837 -5 -83
72001 -6 -83
72164 -7 -83
72316 -8 -83
72479 -8 -83
72642 -8 -83
72795 -8 -83
72957 -8 -83
73120 -8 -83
73284 -7 -83
73436 -6 -83
73598 -5 -83
73762 -4 -83
73914 -3 -83
74076 -1 -83
74237 0 -83
74400 0 -83
74562 1 -83
74714 2 -83
74875 2 -83
75037 2 -83
75199 1 -83
75362 1 -83
75512 0 -83
75675 -1 -83
75837 -2 -83
75999 -3 -83
76162 -4 -83
76313 -5 -83
76477 -6 -83
76640 -7 -83
76792 -8 -83
76955 -8 -83
77118 -8 -83
77281 -8 -83
77433 -6 -83
77596 -3 -83
77759 1 -82
77921 5 -83
78072 9 -84
78234 14 -84
78396 17 -84
78559 19 -85
78721 19 -85
78872 19 -85
79034 18 -84
79196 15 -84
79358 12 -84
79510 8 -84
79672 4 -83
79834 -1 -83
79996 -6 -83
80149 -11 -83
80312 -16 -82
80476 -20 -82
80638 -23 -82
80791 -25 -82
80954 -26 -82
81117 -26 -82
81269 -24 -83
81432 -22 -83
81596 -19 -83
81759 -15 -83
81911 -11 -83
82074 -6 -83
82237 -1 -83
82388 4 -83
82550 8 -84
82713 12 -84
82875 15 -83
83037 17 -84
83188 18 -84
83351 18 -85
83513 16 -84
83675 14 -84
83837 11 -84
83988 7 -84
84151 3 -84
84313 -1 -83
84474 -6 -83
84627 -10 -83
84790 -14 -83
84954 -18 -82
85116 -21 -83
85269 -23 -83
85432 -24 -82
85595 -23 -82
85747 -22 -82
85910 -20 -83
86074 -18 -83
86225 -14 -82
86389 -10 -83
86552 -6 -84
86714 -2 -84
86865 2 -83
87027 6 -84
87190 10 -84
87352 12 -84
87514 14 -84
87665 15 -84
87827 15 -84
87990 15 -84
88152 13 -83
88313 11 -84
88465 7 -84
88628 4 -84
88790 0 -83
88951 -4 -83
89114 -8 -83
89267 -12 -83
89430 -15 -83
89593 -17 -83
89746 -19 -83
89909 -21 -83
90072 -21 -82
90224 -20 -82
90387 -19 -83
90550 -17 -83
90714 -14 -82
90866 -11 -82
91029 -8 -83
91191 -4 -83
91353 0 -83
91504 3 -83
91666 6 -84
91829 9 -84
91991 11 -84
92152 12 -84
92304 13 -84
93272 3 -84
93423 2 -84
93586 1 -83
93748 0 -83
93910 -1 -83
94071 -1 -83
94223 -2 -84
94386 -2 -84
94870 -3 -83
95182 -4 -83
95346 -4 -83
95509 -4 -83
95661 -4 -83
95824 -4 -83
96788 -5 -83
96940 -5 -83
97103 -5 -83
97266 -5 -83
97429 -5 -83
97582 -5 -83
97744 -4 -83
97907 -4 -83
98060 -4 -83
98223 -4 -83
98386 -4 -83
98549 -4 -83
98701 -4 -83
98864 -4 -83
99025 -4 -83
99187 -4 -83
99339 -4 -83
99501 -4 -83
99663 -4 -83
99825 -4 -83
99987 -4 -83
100139 -4 -83
100300 -4 -83
100463 -3 -83
100625 -3 -83
100788 -3 -83
100938 -3 -83
101101 -3 -83
101263 -3 -83
101426 -3 -83
101587 -3 -83
101739 -3 -83
101901 -3 -83
102063 -3 -83
102225 -3 -83
102377 -3 -83
102539 -3 -83
102701 -1 -83
102863 1 -83
103025 3 -83
103177 7 -83
103339 11 -83
103500 15 -83
104458 32 -86
104621 29 -87
104782 25 -86
104945 20 -84
105097 14 -84
105259 6 -84
105420 -3 -83
105583 -11 -82
105735 -19 -82
105899 -27 -83
106061 -33 -83
106225 -38 -81
106377 -41 -82
106541 -44 -83
106703 -44 -83
106856 -42 -82
107019 -39 -82
107182 -35 -83
107334 -29 -84
107498 -22 -83
107661 -14 -82
107824 -7 -84
107975 2 -84
108138 9 -83
108300 16 -83
108462 22 -84
108613 27 -85
108776 30 -85
108938 31 -85
109100 30 -86
109262 28 -87
109414 25 -86
109576 20 -85
109737 14 -85
109900 7 -85
110062 0 -84
110214 -8 -83
110375 -15 -83
110539 -22 -84
110702 -29 -83
110855 -33 -82
111017 -37 -82
111180 -40 -83
111333 -40 -82
111497 -39 -81
111660 -37 -82
111812 -33 -83
111975 -27 -83
112139 -21 -83
112290 -15 -83
112454 -8 -85
112616 0 -85
112778 7 -84
112941 13 -84
113092 19 -85
113254 24 -85
113416 27 -84
113579 28 -84
113740 28 -85
113892 27 -86
114054 24 -85
114216 20 -85
114378 14 -85
114530 8 -85
114692 1 -84
114854 -5 -83
115016 -12 -84
115179 -18 -84
115332 -24 -83
115495 -28 -82
115658 -32 -83
115811 -34 -83
115974 -35 -82
116136 -34 -82
116289 -33 -82
116453 -30 -83
116616 -25 -82
116768 -20 -82
116931 -14 -83
117094 -8 -84
117256 -2 -84
117417 4 -84
117569 10 -84
117732 15 -85
117894 19 -85
118055 22 -84
118218 24 -84
118370 24 -85
118532 23 -84
118693 21 -83
118856 17 -84
119008 13 -84
119170 7 -84
119331 2 -83
119494 -4 -83
119657 -10 -84
119810 -16 -84
119972 -21 -83
120135 -25 -83
120288 -28 -83
120452 -30 -83
121252 -21 -82
121416 -17 -82
121568 -12 -83
121731 -6 -83
121892 -1 -83
122054 5 -83
122206 9 -84
122369 13 -85
122530 17 -85
122692 19 -84
122855 20 -85
123006 20 -85
123168 19 -84
123331 17 -83
123493 13 -84
123644 9 -84
123806 5 -83
123968 0 -82
124132 -6 -83
124283 -11 -83
124447 -15 -82
124610 -19 -82
124774 -22 -82
124925 -25 -83
125089 -26 -83
125252 -26 -82
125405 -25 -83
125568 -23 -83
125731 -20 -83
125883 -17 -83
126047 -13 -83
126210 -8 -83
126372 -3 -83
126524 2 -83
126687 6 -83
126849 10 -84
127010 13 -84
127173 16 -84
127325 17 -84
127486 17 -85
127648 17 -85
127811 16 -84
127963 13 -84
128124 10 -84
128286 6 -84
128449 2 -83
128611 -2 -83
128763 -6 -83
128926 -10 -83
129090 -13 -82
129242 -16 -82
129405 -19 -82
129568 -20 -83
129731 -20 -82
129884 -20 -82
130046 -19 -83
130210 -17 -83
130363 -14 -83
130526 -11 -83
130689 -7 -83
130841 -3 -84
131004 1 -83
131167 4 -83
131329 8 -83
131480 10 -84
131642 12 -84
131805 14 -83
131966 14 -84
132129 14 -84
132280 13 -84
132443 11 -84
132604 9 -84
132766 5 -84
132929 2 -84
133081 -2 -83
133242 -5 -83
133405 -8 -83
133569 -11 -83
133721 -14 -83
133884 -16 -82
134047 -17 -82
134200 -17 -82
134363 -17 -82
134526 -16 -82
134678 -14 -82
134842 -11 -83
135005 -9 -83
135168 -6 -83
135319 -3 -83
135482 0 -84
135644 3 -84
135805 6 -83
135957 8 -84
136119 9 -84
136282 11 -84
136443 11 -83
136606 11 -84
136757 10 -84
136920 8 -83
137081 6 -83
137244 4 -83
137406 2 -83
137558 -1 -83
137719 -4 -83
137882 -7 -83
138046 -9 -83
138198 -11 -83
138361 -12 -83
138524 -13 -83
138677 -13 -83
138840 -13 -83
139003 -12 -83
139155 -11 -83
139319 -10 -83
139482 -8 -83
139644 -6 -83
139797 -4 -83
139960 -2 -83
140122 0 -83
140283 1 -83
140435 2 -83
140597 3 -84
140760 4 -84
140921 4 -83
141083 4 -83
141235 4 -84
141398 3 -83
141559 2 -83
141721 0 -83
141884 -1 -83
142034 -3 -83
142197 -5 -83
142360 -6 -83
142523 -8 -83
142675 -9 -83
142838 -10 -83
143002 -10 -83
143155 -10 -83
143318 -10 -83
143480 -9 -83
143633 -8 -83
143796 -7 -83
143960 -5 -83
144122 -3 -83
144274 -1 -83
144436 0 -83
144599 2 -83
144760 3 -83
144922 4 -83
145074 5 -83
145235 5 -83
145398 5 -83
145560 4 -83
145712 3 -83
145873 2 -83
146036 0 -83
146198 -1 -83
146360 -3 -83
146511 -4 -83
146674 -6 -83
146838 -7 -83
147001 -8 -83
147153 -8 -83
147316 -9 -83
147479 -8 -83
147632 -8 -83
147794 -7 -83
147958 -6 -83
148110 -5 -83
148274 -3 -83
148435 -2 -83
148597 0 -83
148760 1 -83
148912 3 -83
149073 4 -83
149235 5 -83
149398 5 -83
149560 5 -83
149711 5 -83
149873 4 -83
150036 3 -83
150198 2 -83
150349 0 -83
150511 -1 -83
150673 -3 -83
150837 -5 -83
150988 -6 -83
151152 -7 -83
151315 -8 -83
151478 -9 -83
151630 -9 -83
151793 -9 -83
151957 -8 -83
152109 -7 -82
152272 -6 -82
152435 -4 -83
152597 -2 -83
152749 0 -83
152911 2 -83
153073 4 -83
153235 5 -83
153398 6 -83
153548 7 -83
153711 7 -84
153873 7 -84
154035 6 -83
154186 5 -83
154349 4 -83
154511 2 -83
154673 0 -83
154835 -2 -83
154986 -4 -83
155150 -6 -83
155313 -8 -83
155475 -9 -82
155628 -10 -83
155792 -11 -83
155955 -11 -83
156107 -11 -83
156270 -10 -83
156433 -9 -83
156585 -7 -83
156748 -5 -83
156912 -3 -83
157074 -1 -83
157225 1 -83
157387 3 -83
157550 4 -83
157712 5 -83
157874 5 -83
158025 5 -83
158187 5 -83
158350 4 -83
158512 2 -83
158674 1 -83
158825 0 -83
158988 -2 -83
159150 -4 -83
159312 -5 -83
159465 -6 -83
159628 -8 -83
159792 -8 -83
159943 -9 -83
160107 -9 -83
160270 -9 -83
160433 -9 -83
160585 -8 -83
160748 -7 -83
160912 -6 -83
161063 -5 -83
161226 -3 -83
161388 -2 -83
161550 0 -83
161713 1 -83
161864 2 -83
162026 3 -83
162188 3 -83
162351 3 -84
162512 3 -83
162664 2 -83
162826 1 -83
162988 0 -83
163150 -2 -83
163302 -3 -83
163465 -4 -83
163628 -6 -83
163791 -7 -83
163943 -7 -83
164107 -8 -83
164270 -8 -83
164422 -8 -83
164585 -8 -83
164748 -7 -83
164912 -6 -83
165063 -5 -83
165227 -4 -83
165390 -3 -83
165541 -2 -83
165703 -1 -83
165866 0 -83
166028 1 -83
166190 1 -83
166341 2 -83
166503 2 -83
166666 2 -83
166828 1 -83
166989 1 -83
167141 0 -83
167304 -1 -83
167465 -2 -83
167627 -3 -83
167779 -4 -83
167942 -4 -83
168105 -5 -83
168268 -5 -83
168421 -6 -83
168584 -6 -83
168747 -6 -83
168899 -5 -83
169062 -5 -83
169226 -5 -83
169389 -4 -83
169540 -3 -83
169702 -2 -83
169865 -2 -83
170027 -1 -84
170178 0 -83
170340 0 -83
170502 0 -83
171621 -4 -83
171784 -5 -83
171948 -6 -83
172099 -7 -83
172263 -7 -83
172426 -8 -83
172578 -7 -84
172741 -6 -83
172904 -5 -83
173057 -4 -83
173219 -3 -82
173382 -1 -83
173544 -1 -84
173706 -1 -84
174342 -2 -83
174503 -3 -83
174655 -4 -83
174817 -3 -83
174980 -3 -84
175141 -3 -83
175303 -3 -83
175455 -3 -83
175618 -3 -83
175779 -3 -83
175941 -3 -83
176104 -3 -83
176254 -3 -83
176417 -3 -83
176579 -5 -83
176743 -8 -83
176894 -12 -83
177058 -16 -83
177221 -20 -82
177374 -24 -82
177537 -27 -82
177700 -27 -82
177863 -26 -83
178016 -23 -84
178179 -20 -83
178341 -15 -82
178494 -10 -82
178658 -5 -84
178820 1 -83
178981 6 -82
179133 11 -83
179295 15 -84
179458 19 -85
179619 21 -84
179782 23 -84
179933 23 -85
180096 21 -85
180257 19 -84
180420 16 -84
180582 12 -85
180733 8 -85
180895 3 -83
181058 -2 -82
181220 -8 -83
181372 -13 -83
181535 -17 -82
181698 -20 -81
181862 -23 -82
182014 -24 -83
182177 -25 -82
182340 -24 -82
182493 -22 -83
182657 -19 -84
182819 -15 -83
182972 -11 -83
183135 -6 -84
183298 -2 -85
183460 4 -84
183611 8 -83
183774 12 -84
183936 16 -85
184098 18 -84
184260 20 -83
184412 20 -84
184573 19 -85
184736 17 -84
184898 15 -83
185050 11 -84
185211 7 -85
185374 3 -84
185536 -2 -83
185699 -6 -83
185851 -11 -84
186014 -15 -84
186178 -18 -82
186330 -20 -82
186493 -22 -83
186656 -23 -83
186809 -22 -82
186972 -21 -81
187136 -19 -83
187298 -16 -83
187451 -12 -82
187614 -8 -82
187777 -3 -84
187927 1 -84
188090 5 -84
188252 9 -84
188413 12 -84
188576 15 -85
188728 16 -84
188890 17 -84
189051 17 -84
189214 16 -84
189376 14 -84
189528 11 -83
189690 8 -83
189852 4 -84
190810 -18 -82
190972 -20 -83
191135 -21 -83
191288 -21 -83
191452 -20 -82
191614 -18 -82
191767 -16 -83
191930 -13 -83
192093 -9 -82
192245 -5 -82
192408 -2 -83
192570 2 -83
192732 6 -83
192893 9 -83
193045 11 -84
193208 13 -84
193370 14 -84
193532 15 -84
193694 14 -85
193846 13 -85
194008 11 -84
194170 8 -83
194332 5 -84
194494 1 -83
194646 -3 -82
194808 -6 -82
194972 -10 -83
195125 -13 -83
195288 -15 -82
195450 -17 -82
195603 -18 -83
195766 -18 -83
195930 -18 -83
196092 -17 -82
196245 -15 -83
196408 -13 -83
196572 -10 -83
196723 -6 -82
196887 -3 -83
197049 0 -83
197211 4 -83
197362 7 -83
197525 9 -83
197687 11 -84
197849 13 -84
198011 13 -83
198163 13 -84
198325 12 -84
198487 10 -84
198649 8 -84
198811 5 -84
198963 2 -84
199124 -1 -84
199287 -4 -83
199450 -8 -83
199603 -11 -83
199766 -13 -83
199928 -15 -82
200081 -17 -82
200720 -16 -83
200883 -14 -83
201047 -12 -83
201209 -9 -83
201362 -6 -83
201525 -3 -84
201688 1 -84
201849 4 -83
202001 6 -83
202163 9 -84
202324 10 -84
202487 11 -83
202649 12 -83
202801 11 -84
202962 10 -84
203125 9 -83
203287 7 -83
204406 -13 -83
204559 -14 -82
204722 -15 -82
204884 -16 -83
205048 -16 -82
205201 -15 -82
205364 -13 -82
205527 -11 -83
205679 -9 -83
205842 -6 -83
206006 -3 -83
206168 0 -84
206319 2 -84
206481 5 -83
206644 7 -84
206806 9 -84
206957 10 -84
207119 11 -83
207281 11 -83
207443 10 -84
207605 9 -83
207757 7 -83
207919 5 -83
208081 2 -83
208243 -1 -83
208396 -4 -83
208559 -6 -83
208721 -9 -83
208885 -11 -83
209037 -13 -83
209201 -14 -83
209363 -14 -83
209516 -15 -83
209679 -14 -82
209843 -13 -82
209994 -11 -83
210158 -9 -83
210321 -7 -83
210484 -5 -82
210635 -2 -83
210798 1 -83
210960 3 -83
211122 5 -83
211284 7 -84
211435 8 -84
211598 9 -84
211760 9 -84
211922 9 -84
212084 8 -84
212236 6 -84
212398 5 -83
212559 2 -83
212722 0 -83
212874 -3 -83
213037 -5 -82
213199 -7 -83
213363 -10 -83
213515 -11 -83
213679 -13 -83
213841 -13 -83
213994 -14 -83
214157 -14 -83
214321 -13 -83
214472 -12 -83
214636 -10 -83
214799 -8 -83
214962 -6 -83
215114 -3 -83
215276 -1 -83
215439 1 -83
215601 3 -83
215752 5 -83
215914 7 -83
216077 8 -84
216239 9 -83
216400 9 -84
216552 8 -84
216714 7 -84
216877 6 -84
217038 4 -83
217201 2 -84
217352 0 -83
217515 -3 -83
217676 -5 -83
217839 -7 -83
217992 -9 -83
218155 -11 -82
218318 -12 -82
218470 -12 -83
218634 -12 -83
218797 -12 -83
218960 -11 -83
219112 -10 -83
219276 -8 -83
219439 -6 -83
219591 -4 -83
219753 -1 -83
219915 1 -83
220078 3 -83
220239 4 -83
220391 6 -83
220553 7 -83
220716 7 -83
220877 8 -83
221029 7 -83
221191 6 -83
221352 5 -83
221515 3 -83
221677 1 -83
221829 -1 -84
221990 -2 -84
222153 -2 -84
222315 -3 -83
222477 -3 -83
222628 -3 -83
222792 -4 -83
222955 -4 -83
223118 -5 -83
223270 -5 -83
223433 -5 -83
223597 -6 -83
223749 -6 -83
223912 -5 -83
224075 -5 -83
224228 -6 -84
224391 -6 -83
224553 -6 -82
224717 -6 -82
224869 -5 -83
225033 -3 -83
225195 -2 -83
225346 -2 -83
225508 -2 -83
225671 -2 -83
225832 -2 -83
225994 -2 -83
226146 -2 -83
226308 -3 -83
226470 -3 -83
226632 -3 -83
226794 -3 -83
226946 -4 -83
227109 -4 -83
227272 -4 -83
227434 -4 -83
227586 -4 -83
227748 -4 -83
227912 -4 -83
228074 -4 -83
228226 -4 -83
228387 -4 -82
228550 -3 -83
228712 -3 -83
228874 -3 -83
229025 -3 -83
229188 -2 -83
229350 -2 -83
229512 -2 -83
229663 -2 -83
229826 -2 -83
229988 -2 -83
230150 -2 -83
230312 -2 -83
230463 -3 -83
230626 -3 -83
230788 -3 -83
230949 -3 -83
231112 -3 -83
231264 -3 -83
231426 -3 -83
231587 -3 -83
231750 -3 -83
231912 -3 -83
232064 -2 -83
232225 -2 -83
232388 -2 -83
232550 -2 -83
232712 -1 -83
232863 -1 -83
233026 -1 -83
233188 0 -83
233350 0 -83
233501 2 -84
233663 4 -83
233826 6 -83
233988 9 -83
234149 11 -83
234301 12 -83
234464 12 -83
234626 11 -83
234787 10 -83
234950 8 -83
235102 5 -83
235264 3 -83
235425 0 -83
235588 -3 -83
235740 -7 -83
235904 -9 -83
236066 -12 -83
236229 -14 -83
236382 -16 -83
236546 -17 -83
236708 -17 -83
236861 -17 -83
237024 -16 -83
237187 -15 -82
237339 -13 -83
237503 -10 -83
237666 -7 -83
237829 -4 -83
237980 -1 -83
238142 2 -83
238305 4 -83
238467 6 -83
238628 8 -84
238780 9 -84
238943 9 -84
239105 9 -83
239266 8 -84
239418 7 -84
239580 5 -83
239742 3 -83
239904 0 -83
240067 -3 -83
240219 -6 -83
240382 -8 -83
240545 -11 -83
240698 -13 -83
240861 -14 -83
241024 -15 -82
241187 -16 -83
241339 -16 -83
241503 -15 -83
241666 -14 -83
241818 -12 -83
241981 -10 -83
242145 -8 -83
242296 -5 -83
242459 -2 -83
242621 0 -83
242784 3 -83
242946 5 -83
243097 7 -83
243259 8 -84
243421 9 -84
243584 9 -84
243745 9 -84
243897 8 -84
244059 6 -84
244221 4 -83
244383 2 -83
244545 -1 -83
244697 -3 -83
244859 -6 -83
245023 -8 -83
245175 -10 -83
245339 -12 -83
245501 -14 -82
245665 -14 -82
245817 -15 -83
245981 -14 -83
246144 -13 -83
246296 -12 -83
246459 -10 -83
246622 -8 -83
246774 -6 -83
246938 -3 -83
247100 -1 -83
247262 1 -83
247413 4 -83
247575 5 -83
247738 7 -83
247900 8 -83
248061 8 -83
248213 8 -83
248376 7 -84
248538 6 -84
248699 5 -83
248862 3 -83
249013 0 -83
249176 -2 -83
249337 -4 -83
249500 -7 -83
249653 -9 -83
249817 -11 -83
249979 -12 -83
250132 -13 -83
250295 -14 -83
250458 -14 -83
250621 -13 -83
250774 -12 -83
250937 -11 -83
251100 -9 -83
251252 -7 -83
251415 -4 -83
251578 -2 -83
251740 0 -83
251891 2 -83
252053 4 -83
252216 6 -83
252378 7 -83
252539 7 -83
252691 7 -83
252853 7 -83
253016 6 -83
253177 5 -83
253339 3 -83
253491 1 -83
253654 -1 -83
253815 -3 -83
253978 -5 -83
254131 -7 -83
254294 -9 -83
254457 -11 -83
254609 -12 -83
254773 -13 -83
254936 -13 -83
255098 -13 -83
255251 -12 -83
255415 -11 -83
255578 -9 -83
255730 -7 -83
255893 -5 -83
256055 -3 -83
256218 -1 -83
256369 1 -83
256531 3 -83
256693 5 -83
256856 6 -84
257017 7 -83
257169 7 -83
257331 7 -83
257492 6 -83
257655 5 -83
257817 4 -83
257969 2 -83
258130 0 -83
258293 -2 -83
258455 -4 -83
258608 -6 -83
258770 -8 -83
258933 -10 -83
259097 -11 -83
259249 -12 -83
259412 -12 -83
259575 -12 -83
259728 -12 -83
259891 -11 -83
260055 -9 -83
260206 -8 -83
260370 -6 -83
260533 -4 -83
260695 -2 -83
260846 0 -83
261009 2 -83
261171 3 -83
261332 5 -83
261495 6 -83
261646 6 -84
261809 6 -83
261970 6 -83
262132 5 -83
262295 4 -83
262447 3 -83
262608 1 -83
262770 -1 -83
262933 -3 -83
263085 -5 -83
263248 -6 -83
263411 -8 -83
263574 -9 -83
263727 -10 -83
263889 -11 -83
264053 -11 -83
264205 -11 -83
264369 -10 -83
264531 -9 -83
264684 -8 -83
264847 -6 -83
265011 -4 -83
265172 -2 -83
265324 0 -83
265486 1 -83
265649 3 -83
265810 4 -83
265972 5 -83
266124 6 -83
266286 6 -83
266448 6 -83
266610 5 -83
266772 4 -83
266924 3 -83
267085 1 -83
267248 0 -83
267410 -2 -83
267561 -4 -83
267724 -5 -83
267888 -7 -83
268051 -8 -83
268204 -9 -83
268366 -9 -83
268529 -9 -83
268682 -9 -83
268845 -9 -83
269008 -8 -83
269171 -7 -83
269324 -5 -83
269487 -4 -83
269648 -2 -83
269800 -1 -83
269963 1 -83
270125 2 -83
270286 3 -83
270449 4 -83
270600 4 -83
270763 5 -83
270924 4 -83
271086 4 -83
271249 3 -83
271400 2 -83
271562 1 -83
271724 -1 -83
271887 -3 -83
272049 -4 -83
272201 -6 -83
272364 -7 -83
272527 -8 -83
272679 -9 -83
272842 -10 -83
273006 -10 -83
273169 -10 -83
273321 -10 -83
273484 -9 -83
273648 -8 -83
273800 -7 -83
273964 -5 -83
274126 -4 -83
274278 -2 -83
274440 -1 -83
274601 1 -83
274764 2 -83
274926 3 -83
275078 3 -83
275239 4 -83
275402 4 -83
275564 4 -83
275726 3 -83
275877 2 -83
276039 1 -83
276202 0 -83
276364 -2 -83
276526 -3 -83
276678 -4 -83
276842 -6 -83
277005 -7 -83
277157 -8 -83
277320 -9 -83
277483 -9 -83
277636 -9 -83
277798 -9 -83
277962 -8 -83
278125 -8 -83
278278 -7 -83
278440 -5 -83
278603 -4 -83
278766 -3 -83
278917 -1 -83
279079 0 -83
279241 1 -83
279403 2 -83
279555 3 -83
279717 3 -83
279879 4 -83
280041 3 -83
280204 3 -83
280355 2 -83
280517 1 -83
280679 0 -83
280842 -1 -83
281004 -2 -83
281155 -3 -83
281318 -5 -83
281481 -6 -83
281645 -7 -83
281796 -7 -83
281960 -8 -83
282123 -8 -83
282275 -8 -83
282438 -7 -83
282601 -7 -83
282754 -6 -83
282916 -5 -83
283080 -4 -83
283242 -3 -83
283394 -2 -83
283555 -1 -83
283718 0 -83
283880 1 -83
284042 2 -83
284193 2 -83
284355 2 -83
284518 2 -83
284680 2 -83
284841 1 -83
284993 0 -83
285156 -1 -83
285318 -2 -83
285479 -3 -83
285631 -4 -83
285795 -5 -83
285958 -5 -83
286120 -6 -83
286273 -7 -83
286436 -7 -83
286599 -7 -83
286751 -7 -83
286915 -7 -83
287078 -6 -83
287241 -6 -83
287393 -5 -83
287556 -4 -83
287719 -3 -83
287870 -2 -83
288033 -2 -83
288195 -1 -83
288357 0 -83
288520 0 -83
288670 1 -83
288833 1 -83
288995 1 -83
289158 1 -83
289319 0 -83
289471 0 -83
289633 -1 -83
289795 -2 -83
289957 -2 -83
290109 -3 -83
290271 -4 -83
290434 -5 -83
290597 -6 -83
290749 -6 -83
290913 -7 -83
291076 -7 -83
291238 -7 -83
291391 -7 -83
291554 -6 -83
291718 -6 -83
291869 -5 -83
292033 -5 -83
292196 -4 -83
292347 -3 -83
292509 -2 -83
292672 -1 -83
292834 0 -83
292996 0 -83
293147 1 -83
293309 1 -83
293472 1 -83
293634 1 -83
293795 1 -83
293947 0 -83
294110 0 -83
294272 -1 -83
294433 -2 -83
294596 -3 -83
294747 -3 -83
294910 -4 -83
295073 -5 -83
295226 -6 -83
295389 -6 -83
295552 -6 -83
295715 -7 -83
295867 -7 -83
296031 -6 -83
296194 -6 -83
296346 -5 -83
296509 -5 -83
296672 -4 -83
296835 -3 -83
296986 -2 -83
297148 -2 -83
297310 -1 -83
297473 0 -83
297634 0 -83
297786 1 -83
297948 1 -83
298110 1 -83
298272 1 -83
298434 0 -83
298586 0 -83
298747 -1 -83
298910 -1 -83
299072 -2 -83
299224 -3 -83
299385 -4 -83
299549 -4 -83
299712 -5 -83
299865 -5 -83
300027 -6 -83
300190 -6 -83
300343 -6 -83
300506 -6 -83
300669 -5 -83
300832 -5 -83
300985 -4 -83
301148 -4 -83
301309 -3 -83
301472 -2 -83
301624 -2 -83
301786 -1 -83
301947 0 -83
302110 0 -83
302272 1 -83
302424 1 -84
302585 1 -83
302747 1 -83
302910 1 -83
303062 1 -83
303223 0 -83
303385 -1 -83
303548 -1 -83
303710 -2 -83
303861 -3 -83
304023 -4 -83
304186 -4 -83
304350 -5 -83
304502 -5 -83
304665 -6 -83
304828 -6 -83
304980 -6 -83
305143 -5 -83
305307 -5 -83
305470 -4 -83
305622 -4 -83
305783 -3 -83
305945 -2 -83
306108 -1 -83
306270 -1 -83
306421 0 -83
306583 0 -83
306746 1 -83
306908 1 -83
307059 1 -83
307221 1 -83
307383 0 -83
307546 0 -83
307707 -1 -83
307859 -2 -83
308021 -3 -83
308184 -3 -83
308346 -4 -83
308499 -5 -83
308662 -5 -83
308825 -6 -83
308988 -6 -83
309140 -6 -83
309304 -6 -83
309467 -6 -83
309619 -5 -83
309782 -5 -83
309945 -4 -83
310097 -3 -82
310260 -3 -83
310423 -1 -83
310585 1 -83
310747 5 -83
310898 8 -83
311061 12 -83
311223 16 -82
311385 20 -83
311536 24 -84
311699 27 -85
311861 31 -85
312023 34 -85
312185 33 -84
312337 29 -85
312499 24 -85
312662 18 -84
312823 10 -83
312985 2 -83
313137 -7 -83
313299 -15 -82
313463 -23 -82
313616 -30 -82
313779 -36 -82
313942 -41 -82
314105 -44 -81
314258 -45 -82
314421 -44 -82
314584 -42 -82
314736 -37 -82
314899 -32 -83
315063 -25 -83
315214 -18 -82
315378 -10 -83
315541 -2 -84
315704 6 -84
315854 14 -84
316017 20 -84
316179 25 -85
316342 29 -85
316504 31 -85
316655 32 -85
316817 30 -85
316980 27 -85
317142 23 -84
317293 17 -84
317455 11 -84
317618 4 -83
317779 -4 -83
317942 -12 -83
318095 -19 -83
318259 -25 -82
318422 -30 -82
318574 -35 -82
318737 -37 -82
318900 -38 -82
319052 -38 -82
319216 -36 -82
319379 -33 -83
319542 -28 -82
319694 -22 -82
319857 -16 -83
320021 -8 -83
320173 -1 -83
320335 6 -83
320497 13 -84
320660 18 -84
320811 23 -84
320973 27 -84
321135 29 -84
321298 29 -85
321460 28 -84
321611 26 -84
321773 22 -84
321936 17 -85
322098 11 -84
322259 5 -83
322411 -2 -83
322575 -9 -83
323214 -29 -83
323377 -32 -82
323539 -33 -82
323692 -33 -82
323855 -31 -82
324818 -1 -83
324970 5 -83
325132 11 -84
325295 16 -84
325456 20 -84
325618 23 -84
325770 25 -84
325933 25 -85
326094 24 -84
326256 22 -84
326408 19 -84
326571 14 -84
326732 9 -83
326894 3 -83
327057 -3 -83
327208 -9 -83
327372 -14 -83
327535 -19 -82
327688 -23 -83
327851 -26 -83
328014 -29 -82
328177 -29 -82
328330 -29 -82
328493 -28 -82
328656 -25 -82
328808 -21 -82
328972 -17 -82
329135 -12 -83
329287 -6 -83
329449 0 -83
329611 5 -83
329774 10 -84
329935 14 -84
330087 18 -84
330249 20 -84
330412 22 -85
330573 22 -84
330725 21 -84
330888 19 -84
331049 16 -84
331211 12 -84
331374 7 -83
331526 2 -83
331687 -3 -83
331850 -8 -83
332013 -13 -82
332166 -18 -82
332329 -21 -83
332492 -24 -83
332645 -26 -82
332808 -26 -82
332972 -26 -83
333134 -24 -83
333287 -22 -82
333450 -18 -82
333613 -14 -83
333765 -9 -83
333928 -4 -83
334091 1 -83
334253 5 -83
334404 10 -84
334566 14 -84
334729 16 -84
334891 18 -84
335053 19 -84
335204 19 -84
335367 18 -84
335528 16 -84
335691 13 -84
335843 9 -84
336005 5 -83
336166 0 -83
336329 -5 -83
336492 -9 -83
336645 -14 -82
336807 -18 -82
336970 -21 -82
337123 -23 -82
337286 -24 -82
337449 -24 -82
337602 -23 -83
337765 -22 -83
337928 -19 -82
338092 -16 -82
338243 -12 -83
338407 -7 -83
338570 -3 -83
338721 2 -83
338883 6 -83
339046 10 -84
339208 13 -83
339369 15 -83
339521 17 -84
339684 17 -84
339846 17 -84
340007 16 -84
340170 13 -84
340322 10 -84
340484 7 -83
340645 2 -83
340808 -2 -83
340961 -6 -83
341124 -10 -83
341286 -14 -82
341450 -17 -82
341602 -20 -82
341766 -21 -82
341928 -22 -82
342081 -22 -82
342244 -21 -82
342408 -19 -82
342559 -16 -82
342723 -13 -83
342886 -9 -83
343038 -5 -83
343200 -1 -83
343363 3 -83
343525 6 -84
343687 10 -84
343838 12 -83
344001 14 -84
344163 15 -84
344325 15 -84
344487 15 -83
344638 13 -83
344801 11 -84
344963 8 -83
345125 5 -83
345287 1 -83
345439 -3 -83
345602 -7 -83
345764 -11 -83
345917 -14 -82
346081 -17 -83
346244 -19 -83
346396 -20 -82
346559 -21 -82
346722 -20 -82
346886 -19 -82
347038 -17 -82
347201 -14 -82
347364 -11 -83
347516 -7 -83
347679 -4 -83
347842 0 -83
348004 4 -83
348155 7 -84
348317 9 -83
348480 12 -83
348642 13 -84
348804 13 -84
348955 13 -84
349118 12 -83
349280 11 -83
349442 8 -83
349604 5 -83
349756 2 -83
349918 -1 -83
350080 -5 -83
350243 -8 -83
350395 -12 -82
350559 -14 -82
350722 -16 -83
350874 -18 -83
351037 -19 -82
351201 -19 -82
351364 -18 -83
351516 -17 -82
351679 -15 -82
351842 -12 -82
351994 -10 -83
352158 -6 -83
352321 -3 -83
352483 0 -83
352634 3 -83
352796 6 -83
352959 8 -83
353121 10 -83
353272 11 -84
353434 11 -84
353597 11 -84
353759 10 -83
353922 8 -84
354072 6 -83
354235 3 -83
354397 0 -83
354558 -3 -83
354711 -6 -83
354874 -9 -82
355038 -12 -82
355201 -14 -82
355353 -16 -82
355516 -17 -82
355680 -18 -82
355831 -17 -82
355995 -16 -83
356158 -15 -83
356311 -13 -82
356473 -10 -83
356637 -8 -83
356800 -5 -83
356952 -1 -83
357113 2 -83
357275 4 -83
357438 7 -83
357600 9 -83
357751 10 -83
357913 11 -84
358076 11 -83
358238 10 -83
358389 9 -83
358551 7 -83
358714 5 -83
358876 2 -83
359037 -1 -83
359189 -4 -83
359353 -6 -83
359516 -9 -83
359678 -12 -82
359831 -14 -82
359994 -15 -82
360158 -16 -82
360309 -16 -82
360473 -16 -82
360636 -15 -82
360788 -13 -82
360951 -11 -82
361115 -9 -83
361278 -6 -83
361431 -3 -83
361592 -1 -83
361754 2 -83
361917 5 -83
362068 7 -83
362230 8 -83
362392 10 -83
362555 10 -83
362717 10 -83
362868 9 -83
363030 8 -83
363193 6 -83
363355 4 -83
363506 2 -83
363668 -1 -83
363831 -4 -83
363994 -7 -83
364146 -9 -83
364309 -11 -83
364472 -13 -83
364636 -15 -82
364787 -15 -82
364951 -15 -82
365114 -15 -82
365266 -14 -82
365429 -12 -82
365593 -10 -82
365745 -8 -83
365908 -5 -83
366070 -3 -83
366232 0 -83
366395 3 -83
366546 5 -83
366708 7 -83
366870 8 -83
367033 9 -84
367195 9 -83
367346 9 -83
367508 8 -83
367670 7 -83
367833 5 -83
367984 3 -83
368146 1 -83
368308 -2 -83
368471 -4 -83
368633 -7 -83
368786 -9 -83
368949 -11 -83
369112 -12 -83
369264 -13 -82
369428 -14 -82
369591 -14 -83
369743 -13 -83
369906 -12 -82
370069 -11 -82
370233 -9 -83
370385 -7 -83
370548 -4 -83
370710 -2 -83
370872 1 -83
371023 3 -83
371186 5 -83
371348 6 -83
371510 7 -83
371661 8 -83
371824 8 -83
371986 8 -83
372148 7 -83
372311 5 -83
372461 4 -83
372624 2 -83
372786 -1 -83
372947 -3 -83
373111 -5 -83
373263 -7 -83
373427 -9 -83
373590 -11 -83
373742 -12 -82
373905 -13 -82
374069 -13 -82
374220 -13 -83
374384 -12 -83
374547 -11 -83
374710 -10 -83
374862 -8 -83
375026 -6 -83
375189 -3 -83
375341 -1 -83
375502 1 -83
375664 3 -83
375827 5 -83
375989 6 -83
376140 7 -83
376302 8 -83
376465 7 -83
376627 7 -83
376788 6 -83
376940 4 -83
377102 3 -83
377265 1 -83
377426 -1 -83
377588 -4 -83
377741 -6 -83
377905 -8 -83
378067 -10 -83
378220 -11 -83
378383 -12 -82
378546 -12 -82
378698 -13 -82
378861 -12 -82
379025 -11 -82
379177 -10 -83
379340 -8 -83
379503 -6 -83
379667 -4 -83
379817 -2 -83
379980 0 -83
380142 2 -83
380305 4 -83
380467 5 -83
380618 6 -83
380780 7 -83
380942 7 -83
381105 7 -83
381266 6 -83
381418 5 -83
381580 3 -83
381742 1 -83
381904 0 -83
382056 -2 -83
382218 -4 -83
382381 -6 -83
382544 -8 -83
382696 -9 -83
382860 -10 -83
383023 -11 -82
383175 -11 -82
383338 -11 -82
383502 -10 -82
383665 -9 -82
383817 -8 -82
383980 -7 -83
384143 -5 -83
384294 -3 -83
384457 -1 -83
384619 1 -83
384781 2 -83
384944 4 -83
385094 5 -83
385257 5 -83
385419 6 -83
385581 6 -83
385743 5 -83
385895 4 -83
386057 3 -83
386219 2 -83
386381 0 -83
386543 -2 -83
386695 -3 -83
386857 -5 -83
387020 -6 -83
387173 -7 -83
387336 -8 -83
387500 -9 -83
387662 -9 -83
387815 -9 -83
387978 -8 -83
388141 -7 -83
388293 -6 -83
388456 -5 -83
388620 -4 -83
388782 -2 -83
388933 -1 -83
389095 1 -83
389258 2 -83
389420 3 -83
389581 4 -83
389733 4 -83
389896 5 -83
390057 5 -83
390219 4 -83
390371 3 -83
390533 2 -83
390695 1 -83
390857 0 -83
391019 -2 -83
391171 -3 -83
391334 -4 -82
391497 -5 -83
391660 -6 -83
391813 -7 -82
391975 -7 -82
392138 -8 -82
392291 -8 -83
392455 -7 -83
392617 -6 -82
392770 -5 -83
392933 -4 -83
393096 -3 -83
393259 -1 -83
393409 0 -83
393572 1 -83
393734 1 -83
393895 2 -83
394058 2 -83
394210 2 -83
394372 2 -83
394533 1 -83
394696 0 -83
394858 -1 -83
395010 -2 -83
395171 -4 -83
395334 -5 -82
395498 -6 -83
395651 -6 -83
395813 -7 -82
395976 -7 -82
396129 -8 -83
396292 -8 -83
396455 -7 -83
396607 -7 -82
396771 -6 -83
396934 -6 -83
397096 -5 -83
397249 -4 -83
397411 -2 -83
397574 -1 -83
397735 0 -83
397887 1 -83
398049 1 -83
398212 2 -83
398373 2 -83
398535 2 -83
398687 1 -83
398849 1 -83
399011 0 -83
399173 -1 -83
399335 -2 -83
399486 -3 -83
399649 -4 -83
399812 -5 -82
399975 -6 -82
400128 -7 -83
400290 -8 -82
400454 -8 -82
400606 -8 -82
400770 -8 -83
400932 -7 -83
401085 -7 -83
401248 -6 -83
401411 -5 -83
401574 -4 -83
401725 -2 -83
401888 -1 -83
402050 0 -83
402211 1 -83
402374 2 -83
402526 2 -83
402688 2 -83
402849 2 -83
403012 2 -83
403163 2 -83
403325 1 -83
403487 0 -83
403650 -1 -83
403812 -2 -83
403963 -3 -83
404125 -4 -83
404288 -5 -83
404452 -6 -83
404603 -7 -83
404767 -7 -83
404930 -8 -83
405083 -8 -82
405245 -7 -83
405408 -7 -83
405572 -6 -82
405724 -6 -82
405888 -5 -83
406049 -4 -83
406211 -3 -83
406363 -2 -83
406525 -1 -83
406687 -1 -83
406849 0 -83
407001 0 -83
407162 1 -83
407325 1 -83
407487 0 -83
407650 0 -83
407800 0 -83
407963 -1 -83
408125 -1 -83
408287 -2 -83
408450 -3 -83
408601 -3 -83
408763 -4 -83
408926 -5 -83
409090 -5 -83
409241 -6 -83
409405 -6 -83
409568 -6 -83
409720 -6 -83
409883 -6 -83
410046 -5 -83
410210 -5 -82
410361 -4 -83
410524 -3 -83
410686 -3 -83
410848 -2 -83
410999 -1 -83
411162 0 -83
411324 0 -83
411486 1 -83
411649 1 -83
411799 2 -83
411962 2 -83
412124 1 -83
412285 1 -83
412448 0 -83
412600 0 -83
412762 -1 -83
412923 -2 -83
413086 -3 -83
413238 -4 -83
413402 -5 -83
413564 -6 -83
413727 -7 -83
413880 -7 -83
414043 -7 -83
414206 -7 -83
414358 -7 -83
414522 -7 -83
414685 -6 -83
414837 -5 -83
415000 -4 -83
415163 -3 -83
415326 -2 -83
415477 -1 -83
415639 -1 -83
415801 0 -83
415964 0 -83
416125 1 -83
416277 1 -83
416439 1 -83
416601 1 -83
416763 0 -83
416925 0 -83
417077 -1 -83
417239 -2 -83
417401 -3 -83
417563 -3 -83
417715 -4 -83
417878 -5 -83
418040 -5 -83
418204 -6 -83
418357 -6 -83
418520 -7 -82
418682 -7 -83
418835 -7 -83
418998 -6 -83
419161 -6 -83
419324 -5 -83
419477 -5 -83
419640 -4 -83
419802 -3 -83
419953 -3 -83
420115 -2 -83
420278 -1 -83
420440 -1 -83
420601 -1 -83
420753 -1 -83
420916 -1 -83
421078 -1 -83
421239 -1 -83
421402 -1 -83
421554 -2 -83
421715 -2 -83
421877 -3 -83
422040 -4 -83
422202 -4 -83
422354 -4 -83
422517 -4 -83
422680 -5 -83
422833 -4 -83
422995 -4 -83
423159 -4 -83
423321 -4 -83
423473 -3 -83
423634 -3 -83
423797 -2 -83
423959 -2 -83
424121 -2 -83
424272 -1 -83
424435 -1 -83
424597 -1 -83
424759 -1 -83
424910 -1 -83
425072 -1 -83
425235 -1 -83
425397 -1 -83
425559 -2 -83
425710 -2 -83
425873 -2 -83
426035 -2 -83
426196 -2 -83
426359 -2 -83
426511 -2 -83
426673 -2 -83
426834 -2 -83
426997 -2 -83
427159 -2 -83
427311 -3 -83
427472 -3 -83
427635 -2 -83
427797 -2 -83
427959 -2 -83
428110 -2 -83
428273 -2 -83
428435 -1 -83
428597 -1 -83
428748 -1 -83
428910 -1 -83
429073 -1 -83
429235 -1 -83
429396 0 -83
429548 0 -83
429711 0 -83
429873 0 -83
430034 0 -83
430197 0 -83
430348 0 -83
430511 0 -83
430672 0 -83
430835 0 -83
430997 -1 -83
431149 -1 -83
431310 -1 -83
431472 -1 -83
431635 -1 -83
431797 -1 -83
431948 -1 -83
432110 -1 -83
432273 -1 -83
432435 -1 -83
432586 -1 -83
432748 -1 -83
432910 -1 -83
433073 -1 -83
433234 -2 -83
433386 -2 -83
433548 -2 -83
433711 -2 -83
433872 -3 -83
434035 -3 -83
434186 -3 -82
434350 -3 -83
434512 -4 -83
434675 -4 -83
434828 -4 -83
434991 -4 -83
435154 -4 -83
435305 -4 -83
435468 -3 -83
435630 -3 -83
435792 -3 -83
435954 -3 -83
436106 -3 -83
436268 -3 -83
436429 -3 -83
436592 -3 -83
436754 -3 -83
436905 -3 -83
437067 -3 -83
437230 -3 -83
437392 -3 -83
437543 -3 -83
437705 -3 -83
437868 -3 -83
438030 -3 -83
438192 -3 -83
438343 -3 -83
438506 -3 -83
438668 -3 -83
438830 -3 -83
438992 -2 -83
439143 -2 -83
439306 -2 -83
439468 -2 -82
439629 -2 -83
439792 -1 -83
439944 -1 -83
440105 -1 -83
440267 -1 -83
440430 0 -83
440592 0 -83
440743 0 -83
440905 0 -83
441068 0 -83
441230 0 -83
441381 0 -83
441543 0 -83
441705 0 -83
441868 0 -83
442030 0 -83
442181 -1 -83
442343 -1 -83
442506 -2 -83
442668 -2 -83
442829 -2 -83
442981 -3 -83
443144 -3 -83
443305 -4 -83
443468 -4 -83
443621 -4 -83
443784 -5 -83
443948 -5 -83
444099 -5 -83
444263 -5 -83
444426 -5 -82
444589 -5 -82
444741 -4 -82