235 -84 -16
398 -84 -19
561 -84 -19
713 -84 -17
876 -83 -13
1039 -82 -7
1191 -82 1
1354 -81 9
1517 -80 16
1670 -80 23
1832 -80 28
1995 -79 31
2158 -79 32
2311 -80 30
2473 -80 27
2636 -80 22
2789 -81 15
2952 -82 8
3115 -82 0
3278 -82 -7
3430 -83 -13
3593 -84 -17
3757 -84 -18
3908 -84 -18
4072 -84 -15
4235 -83 -10
4398 -83 -4
4550 -82 3
4713 -81 11
4876 -81 18
5028 -80 24
5191 -80 28
5354 -80 30
5517 -80 31
5669 -80 29
5832 -80 25
5996 -80 20
6148 -80 13
6311 -81 6
6474 -82 -1
6637 -83 -7
6790 -83 -12
6952 -84 -15
7115 -84 -16
7268 -84 -15
7431 -84 -12
7593 -83 -7
7756 -82 0
7909 -82 6
8072 -81 13
8235 -80 20
8387 -80 25
8550 -79 29
8713 -79 30
8865 -79 30
9028 -79 27
9192 -79 23
9355 -80 17
9507 -81 11
9670 -82 4
9833 -83 -3
9986 -83 -8
10148 -83 -12
10311 -84 -14
10474 -84 -14
10627 -83 -13
10789 -83 -9
10953 -82 -4
11105 -82 2
11268 -81 9
11431 -80 15
11594 -80 21
11747 -79 25
11910 -79 28
12072 -79 29
12225 -80 27
12388 -80 24
12552 -80 19
12703 -81 14
12867 -82 7
13030 -82 1
13193 -83 -5
13345 -83 -10
13508 -83 -13
13671 -83 -14
13824 -83 -13
13986 -83 -11
14150 -82 -7
14313 -82 -1
14466 -81 5
14628 -81 11
14791 -80 17
14944 -80 21
15107 -80 25
15269 -80 27
15422 -80 27
15585 -80 25
15749 -80 21
15911 -80 16
16064 -81 11
16227 -81 5
16390 -82 -1
16542 -82 -6
16705 -83 -10
16868 -83 -12
17032 -83 -12
17183 -83 -11
17347 -83 -8
17510 -82 -4
17661 -82 2
17825 -81 8
17988 -81 13
18141 -80 18
18304 -80 23
18466 -80 25
18629 -80 26
18782 -79 25
18946 -79 23
19108 -80 19
19260 -80 14
19424 -81 9
19587 -81 3
19749 -82 -2
19902 -82 -7
20065 -83 -10
20228 -83 -11
20380 -83 -11
20543 -83 -8
20707 -82 -5
20858 -82 0
21022 -81 5
21185 -81 11
21348 -80 16
21500 -80 20
21663 -79 23
21826 -79 25
21979 -79 25
22141 -79 24
22305 -80 21
22468 -80 16
22621 -81 11
22784 -81 6
22946 -82 1
23099 -82 -4
23262 -83 -8
23425 -83 -10
23577 -83 -10
23740 -83 -9
23904 -83 -6
24067 -82 -2
24218 -82 2
24382 -81 8
24545 -80 13
24697 -81 17
24860 -81 17
25023 -80 15
25187 -79 13
25338 -80 12
25501 -80 10
25665 -81 9
25817 -82 8
25980 -82 8
26143 -81 7
26306 -81 6
26459 -81 7
26621 -82 7
26784 -81 7
26937 -80 8
27100 -81 8
27262 -81 8
27415 -80 8
27578 -80 8
27741 -81 8
27905 -81 8
28056 -81 7
28219 -81 6
28383 -82 7
28534 -82 6
28698 -82 6
28861 -81 6
29024 -81 6
29176 -81 6
29339 -81 7
29502 -81 7
29655 -81 7
29817 -81 7
29980 -81 7
30144 -81 7
30296 -81 8
30458 -81 8
30622 -81 8
30774 -81 8
30937 -81 8
31100 -81 8
31263 -81 7
31416 -81 6
31579 -81 3
31741 -81 -1
31894 -83 -4
32057 -83 -6
32220 -82 -7
32372 -82 -7
32535 -83 -5
32698 -82 -2
32862 -81 2
33013 -82 7
33176 -81 12
33340 -80 16
33491 -80 19
33655 -81 22
33818 -80 23
33981 -79 22
34134 -80 21
34296 -81 18
34460 -80 14
34612 -80 10
34776 -82 6
34938 -82 1
35101 -81 -2
35254 -82 -5
35417 -83 -6
35579 -82 -7
35732 -82 -5
35895 -83 -3
36058 -82 1
36210 -81 5
36373 -81 9
36536 -81 13
36700 -80 17
36852 -79 20
37015 -80 22
37178 -80 22
37330 -79 21
37493 -79 19
37656 -81 16
37820 -81 12
37971 -80 8
38135 -81 4
38298 -82 0
38450 -82 -3
38614 -82 -5
38776 -83 -6
38929 -83 -5
39092 -82 -4
39255 -82 -1
39417 -82 3
39570 -81 7
39733 -80 11
39896 -81 15
40048 -81 18
40212 -79 20
40375 -79 21
40538 -80 21
40690 -80 20
40853 -79 17
41016 -80 14
41168 -81 10
41331 -81 6
41495 -81 2
41658 -82 -2
41809 -83 -4
41973 -82 -5
42136 -82 -5
42289 -83 -4
42451 -82 -2
42614 -81 1
42767 -81 5
42930 -81 9
43092 -80 13
43255 -80 16
43408 -80 19
43572 -80 20
43735 -79 20
43886 -80 20
44050 -81 18
44213 -80 15
44376 -80 11
44528 -81 7
44691 -82 3
44855 -81 0
45006 -82 -3
45169 -83 -5
45333 -82 -5
45485 -82 -5
45648 -82 -3
45811 -82 0
45974 -81 3
46127 -81 7
46289 -81 11
46452 -81 14
46605 -80 17
46768 -80 19
46931 -81 20
47094 -80 19
47246 -80 18
47410 -81 16
47572 -81 12
47725 -80 9
47888 -81 5
48051 -82 1
48203 -82 -2
48366 -82 -4
48529 -82 -5
48693 -83 -4
48844 -82 -3
49008 -82 -1
49171 -82 2
49323 -81 5
49486 -80 9
49649 -81 12
49812 -81 15
49965 -80 18
50127 -80 19
50290 -80 19
50443 -80 18
50606 -80 16
50769 -80 13
50932 -81 10
51085 -81 7
51248 -81 3
51410 -82 0
51563 -82 -2
51726 -82 -4
51889 -82 -4
52041 -83 -3
52204 -82 -2
52367 -81 1
52531 -81 4
52682 -81 7
52845 -81 11
53009 -80 14
53161 -80 16
53324 -80 18
53487 -80 19
53650 -80 18
53803 -81 17
53965 -80 14
54129 -80 12
54281 -81 8
54445 -82 5
54607 -81 2
54759 -82 -1
54923 -82 -3
55086 -82 -3
55248 -82 -3
55401 -82 -2
55564 -82 0
55727 -81 3
55879 -81 6
56042 -81 9
56205 -81 12
56369 -80 15
56520 -80 17
56684 -81 18
56847 -80 18
56999 -80 17
57162 -81 15
57325 -81 13
57489 -81 10
57640 -81 6
57804 -82 3
57967 -82 0
58119 -82 -2
58283 -82 -3
58445 -82 -3
58598 -82 -2
58761 -81 -1
58924 -82 2
59086 -82 5
59239 -81 8
59402 -81 11
59565 -81 13
59717 -80 16
59880 -80 17
60044 -80 17
60207 -80 17
60359 -80 16
60522 -80 13
60685 -81 11
60837 -81 8
61000 -81 5
61163 -81 2
61316 -82 0
61478 -82 -2
61642 -82 -2
61805 -82 -2
61958 -82 -1
62120 -81 1
62283 -81 4
62436 -82 6
62599 -81 9
62761 -80 12
62924 -80 14
63077 -80 16
63240 -80 17
63404 -80 17
63555 -80 16
63719 -80 14
63882 -80 11
64045 -81 9
64197 -81 6
64360 -81 3
64523 -81 1
64675 -82 -1
64838 -82 -2
65001 -82 -2
65154 -82 -1
65316 -82 1
65480 -82 3
65643 -81 5
65796 -81 8
65958 -81 11
66121 -80 13
66274 -80 15
66437 -80 16
66599 -80 16
66763 -80 16
66915 -80 14
67079 -81 12
67241 -81 10
67394 -81 7
67557 -82 4
67720 -82 2
67883 -82 0
68035 -82 -1
68198 -82 -1
68361 -82 -1
68513 -81 0
68676 -82 2
68839 -82 4
68992 -81 7
69154 -81 10
69318 -81 12
69481 -81 14
69634 -80 15
69796 -80 16
69959 -81 15
70112 -80 14
70275 -80 13
70438 -81 11
70601 -81 8
70753 -81 6
70917 -81 3
71079 -82 1
71232 -82 0
71395 -82 -1
71558 -82 -1
71710 -82 0
71873 -81 2
72036 -81 3
72199 -81 6
72351 -81 8
72514 -81 10
72678 -81 12
72829 -81 14
72993 -80 15
73156 -80 15
73319 -80 14
73472 -81 13
73634 -80 12
73797 -81 9
73950 -81 7
74113 -81 5
74276 -81 3
74439 -82 1
74591 -82 0
74755 -82 0
74917 -82 1
75069 -82 2
75233 -82 3
75396 -81 5
75548 -81 7
75711 -81 9
75874 -81 11
76037 -80 13
76189 -81 14
76352 -80 14
76516 -80 14
76667 -80 13
76831 -81 12
76994 -81 10
77157 -81 8
77309 -81 6
77472 -82 4
77635 -81 2
77788 -82 1
77950 -82 1
78113 -82 1
78277 -82 1
78429 -82 3
78593 -82 4
78755 -81 6
78907 -81 8
79071 -81 10
79234 -81 12
79386 -80 13
79549 -80 14
79712 -81 14
79876 -81 13
80027 -81 12
80190 -81 10
80354 -81 8
80505 -81 6
80669 -81 4
80832 -82 3
80995 -82 1
81147 -82 1
81310 -82 0
81473 -82 1
81626 -81 2
81788 -81 4
81951 -81 5
82115 -81 7
82267 -81 9
82429 -81 11
82593 -81 12
82745 -81 13
82909 -80 14
83072 -81 13
83224 -81 12
83387 -81 11
83550 -81 9
83714 -81 7
83865 -81 6
84028 -81 4
84192 -81 2
84343 -82 1
84507 -81 1
84670 -81 1
84833 -82 2
84985 -81 3
85148 -81 5
85311 -81 7
85464 -81 9
85626 -81 10
85789 -81 12
85942 -81 13
86105 -81 13
86268 -80 13
86431 -80 13
86584 -81 11
86747 -81 10
86909 -81 8
87062 -81 6
87225 -81 5
87388 -81 3
87550 -81 2
87703 -82 2
87866 -82 2
88030 -81 2
88181 -81 3
88344 -82 5
88508 -81 6
88671 -81 8
88823 -81 10
88986 -81 11
89149 -80 12
89302 -80 13
89464 -81 13
89627 -81 13
89780 -80 12
89943 -81 10
90106 -81 9
90269 -81 7
90422 -81 5
90585 -82 4
90747 -82 3
90900 -82 2
91063 -82 2
91226 -82 2
91388 -82 3
91541 -81 4
91704 -81 6
91867 -81 8
92019 -81 9
92182 -81 11
92346 -81 12
92509 -80 12
92661 -80 13
92824 -81 12
92987 -81 12
93139 -81 11
93302 -81 9
93465 -81 8
93618 -81 6
93780 -81 5
93944 -82 3
94107 -82 3
94259 -81 2
94423 -81 2
94585 -82 3
94738 -81 4
94901 -81 5
95064 -81 7
95226 -81 9
95379 -81 11
95542 -80 12
95705 -81 13
95857 -81 13
96020 -80 13
96184 -80 13
96335 -81 12
96499 -81 10
96662 -81 9
96825 -81 7
96977 -82 5
97140 -81 4
97303 -81 3
97456 -82 2
97618 -82 2
97781 -81 2
97945 -81 3
98097 -82 5
98260 -81 6
98423 -81 8
98575 -81 10
98739 -81 11
98902 -80 12
99064 -81 12
99217 -81 13
99380 -81 12
99544 -80 11
99695 -81 10
99859 -81 9
100022 -81 7
100173 -81 6
100337 -81 4
100500 -81 3
100663 -81 2
100815 -81 2
100978 -82 3
101142 -81 3
101294 -81 4
101457 -82 6
101620 -81 7
101783 -81 9
101936 -81 10
102098 -81 11
102262 -81 12
102414 -80 12
102578 -81 12
102740 -81 11
102893 -80 10
103056 -80 9
103219 -81 8
103383 -81 7
103534 -81 5
103698 -81 4
103861 -82 4
104013 -82 3
104176 -81 3
104339 -82 4
104492 -82 5
104654 -81 6
104817 -81 7
104981 -81 8
105133 -81 10
105296 -80 10
105459 -81 11
105612 -81 12
105775 -80 11
105938 -80 11
106101 -81 10
106254 -81 9
106417 -81 8
106579 -81 7
106732 -82 5
106895 -81 4
107058 -81 4
107210 -82 3
107373 -82 3
107537 -81 4
107700 -81 4
107852 -81 6
108015 -81 7
108178 -81 8
108331 -81 9
108493 -81 10
108657 -81 11
108809 -81 12
108973 -80 15
109135 -80 20
109298 -79 27
109451 -78 33
109614 -79 37
109777 -80 40
109929 -78 39
110093 -79 35
110256 -80 29
110408 -80 20
110571 -80 10
110735 -82 0
110898 -84 -9
111050 -84 -17
111213 -85 -23
111376 -86 -26
111528 -86 -27
111691 -84 -25
111855 -84 -20
112008 -83 -13
112171 -82 -4
112333 -80 6
112497 -80 15
112649 -80 24
112813 -79 31
112975 -78 35
113128 -79 37
113291 -79 36
113454 -78 32
113606 -79 26
113769 -81 18
113933 -81 9
114096 -82 0
114248 -83 -9
114411 -84 -17
114574 -84 -22
114726 -84 -25
114890 -85 -25
115053 -84 -22
115206 -83 -16
115368 -83 -9
115531 -82 0
115695 -81 9
115847 -80 17
116011 -80 25
116173 -80 30
116326 -79 34
116489 -79 34
116652 -80 32
116804 -80 28
116967 -80 22
117131 -81 14
117294 -82 5
117446 -81 -3
117609 -82 -10
117772 -84 -16
117924 -84 -20
118088 -84 -22
118251 -85 -20
118404 -85 -17
118566 -84 -11
118729 -83 -4
118893 -82 4
119045 -81 12
119208 -80 20
119371 -80 26
119524 -80 31
119687 -80 33
119851 -79 33
120002 -80 31
120166 -80 26
120329 -79 20
120492 -80 12
120644 -82 5
120807 -82 -3
120971 -83 -10
121122 -84 -15
121286 -85 -18
121449 -84 -19
121602 -84 -17
121764 -84 -13
121928 -83 -8
122091 -82 -1
122244 -81 7
122406 -81 15
122569 -80 22
122722 -79 27
122885 -79 31
123048 -79 32
123211 -79 32
123364 -79 29
123527 -80 24
123689 -80 17
123842 -81 10
124006 -82 3
124169 -83 -5
124321 -83 -11
124484 -83 -15
124647 -84 -18
124800 -84 -18
124962 -83 -16
125126 -83 -12
125289 -83 -6
125442 -82 1
125604 -81 9
125767 -80 16
125920 -80 22
126083 -79 27
126246 -79 29
126409 -80 30
126562 -80 29
126725 -80 25
126888 -81 20
127040 -81 14
127204 -81 7
127367 -82 0
127519 -83 -7
127682 -83 -12
127845 -83 -15
128009 -84 -17
128160 -84 -16
128324 -84 -13
128487 -83 -8
128640 -83 -2
128802 -82 4
128965 -81 11
129118 -81 18
129282 -81 23
129444 -80 27
129607 -80 29
129760 -80 29
129923 -80 27
130086 -80 23
130238 -80 18
130402 -81 12
130565 -81 5
130717 -82 -1
130880 -83 -7
131043 -84 -11
131207 -84 -13
131358 -84 -14
131522 -84 -12
131685 -84 -9
131837 -83 -5
132000 -82 1
132163 -82 7
132316 -81 13
132478 -80 19
132642 -80 23
132805 -80 26
132958 -79 27
133121 -79 27
133284 -80 24
133436 -80 20
133600 -80 15
133763 -81 10
133915 -82 4
134078 -82 -2
134241 -83 -6
134405 -83 -9
134556 -84 -11
134720 -83 -11
134883 -83 -10
135035 -83 -6
135198 -82 -2
135361 -81 3
135514 -81 9
135676 -81 14
135840 -80 19
136003 -79 22
136156 -80 24
136318 -80 25
136482 -80 24
136634 -80 21
136798 -81 17
136961 -81 13
137113 -81 7
137276 -82 2
137439 -83 -3
137603 -83 -6
137754 -83 -9
137918 -83 -10
138081 -83 -9
138233 -83 -7
138396 -82 -4
138559 -82 1
138723 -81 6
138874 -81 11
139037 -81 15
139201 -81 19
139354 -80 22
139516 -80 23
139679 -81 23
139832 -81 21
139995 -80 18
140158 -81 14
140321 -81 10
140474 -81 5
140637 -82 0
140800 -82 -4
140952 -83 -7
141115 -83 -8
141279 -83 -8
141430 -83 -7
141594 -83 -4
141757 -82 -1
141920 -82 4
142072 -82 9
142235 -81 13
142399 -81 17
142551 -81 20
142714 -80 22
142877 -80 22
143030 -80 21
143193 -80 19
143356 -80 16
143519 -80 12
143672 -81 7
143835 -82 3
143997 -82 -1
144150 -82 -4
144313 -83 -6
144476 -83 -7
144628 -83 -7
144792 -83 -5
144955 -82 -2
145118 -82 2
145270 -81 7
145433 -81 11
145596 -81 15
145748 -80 19
145912 -80 21
146075 -80 22
146238 -80 22
146391 -80 20
146553 -80 18
146717 -81 14
146869 -81 10
147033 -82 5
147195 -82 1
147348 -82 -3
147511 -82 -5
147674 -83 -7
147837 -83 -7
147989 -83 -6
148153 -82 -3
148316 -82 0
148468 -82 4
148631 -81 9
148794 -81 13
148946 -80 16
149109 -80 19
149273 -80 21
149436 -80 21
149588 -81 20
149751 -80 18
149914 -81 15
150067 -81 11
150231 -81 7
150393 -82 3
150546 -82 0
150709 -83 -3
150872 -82 -5
151034 -83 -6
151187 -83 -5
151350 -82 -3
151514 -82 -1
151665 -82 3
151829 -81 7
151992 -81 11
152144 -81 14
152307 -81 17
152470 -81 19
152634 -80 20
152786 -80 20
152949 -81 19
153112 -80 16
153265 -80 13
153427 -81 9
153591 -81 5
153743 -82 2
153907 -82 -1
154070 -82 -4
154232 -82 -5
154385 -82 -5
154548 -82 -4
154711 -82 -1
154863 -82 2
155026 -81 5
155190 -81 9
155353 -81 13
155505 -81 16
155668 -80 18
155831 -80 19
155983 -80 20
156147 -80 19
156310 -80 17
156463 -80 14
156625 -81 11
156788 -81 7
156952 -82 3
157104 -82 0
157267 -82 -3
157430 -82 -4
157583 -83 -5
157746 -82 -4
157908 -82 -2
158061 -82 0
158224 -82 4
158388 -81 7
158551 -81 11
158702 -81 14
158866 -80 17
159029 -80 19
159181 -80 20
159344 -80 19
159508 -80 18
159660 -80 15
159823 -81 12
159986 -81 9
160149 -81 5
160302 -82 2
160464 -82 -1
160628 -82 -3
160780 -82 -4
160944 -83 -4
161106 -82 -3
161269 -82 -1
161422 -82 2
161585 -81 6
161748 -81 9
161900 -80 13
162064 -81 15
162227 -80 18
162379 -80 19
162542 -80 19
162705 -81 18
162869 -81 16
163020 -81 13
163184 -81 10
163347 -81 6
163500 -82 3
163662 -82 0
163825 -82 -2
163978 -82 -4
164141 -82 -4
164304 -82 -3
164467 -82 -2
164620 -82 1
164783 -81 4
164945 -81 7
165098 -81 11
165261 -81 14
165425 -81 16
165576 -81 18
165740 -80 18
165903 -80 18
166066 -80 16
166218 -81 14
166381 -81 11
166545 -81 8
166697 -81 5
166860 -82 2
167023 -82 -1
167176 -82 -2
167339 -82 -3
167501 -82 -3
167665 -82 -2
167817 -82 0
167981 -82 3
168143 -81 6
168296 -81 9
168459 -81 12
168622 -80 15
168785 -80 17
168937 -80 18
169101 -80 18
169264 -80 17
169416 -80 15
169579 -81 12
169743 -81 9
169894 -81 6
170058 -82 3
170221 -82 0
170384 -82 -2
170536 -82 -3
170699 -82 -3
170862 -82 -2
171015 -82 -1
171177 -82 2
171341 -82 5
171493 -81 8
171657 -81 11
171820 -81 14
171982 -80 16
172135 -80 17
172298 -80 18
172462 -81 17
172614 -81 16
172777 -81 13
172940 -81 11
173092 -81 8
173255 -82 5
173419 -82 2
173582 -82 0
173734 -82 -1
173897 -82 -2
174060 -82 -2
174213 -82 -1
174375 -82 1
174538 -81 4
174702 -81 7
174854 -81 10
175017 -81 12
175180 -81 14
175333 -81 16
175496 -81 16
175660 -80 16
175811 -81 15
175975 -81 14
176138 -81 11
176301 -81 9
176453 -81 6
176616 -82 3
176780 -82 1
176931 -82 0
177095 -82 -1
177258 -82 -1
177411 -82 0
177573 -82 1
177736 -82 3
177899 -81 6
178052 -81 9
178214 -81 11
178378 -81 13
178531 -80 15
178694 -80 16
178856 -80 16
179009 -80 15
179172 -80 14
179336 -81 12
179499 -81 9
179651 -81 7
179814 -81 4
179977 -82 2
180129 -82 0
180292 -82 -1
180456 -82 -1
180619 -82 0
180771 -82 1
180934 -82 3
181097 -82 5
181250 -81 8
181412 -81 10
181575 -81 13
181728 -81 14
181892 -80 15
182054 -80 16
182217 -80 15
182370 -81 14
182533 -81 12
182696 -81 10
182848 -81 8
183012 -81 5
183175 -82 3
183327 -82 1
183490 -82 0
183653 -82 -1
183816 -82 0
183968 -82 1
184131 -82 2
184295 -81 4
184446 -81 7
184610 -81 9
184773 -81 12
184926 -81 13
185089 -81 15
185251 -80 15
185415 -80 15
185568 -80 15
185731 -81 13
185893 -81 11
186046 -81 9
186209 -81 6
186373 -82 4
186535 -82 2
186688 -82 1
186851 -82 0
187014 -82 0
187166 -82 0
187329 -82 2
187492 -81 4
187644 -81 6
187807 -81 8
187971 -81 11
188134 -81 13
188286 -80 14
188449 -80 15
188612 -80 15
188765 -80 15
188929 -81 14
189091 -81 12
189244 -81 10
189407 -81 7
189570 -81 5
189733 -82 3
189885 -82 1
190049 -82 0
190212 -82 0
190363 -82 0
190527 -82 1
190690 -82 3
190842 -81 5
191005 -81 7
191168 -81 10
191332 -81 12
191483 -81 13
191647 -81 15
191810 -80 15
191963 -81 15
192125 -81 14
192289 -81 12
192441 -81 10
192605 -81 8
192768 -81 6
192930 -81 5
193083 -80 4
193246 -81 5
193409 -81 7
193561 -81 9
193724 -80 11
193888 -81 12
194051 -81 12
194203 -81 12
194366 -80 11
194530 -81 11
194681 -81 10
194845 -81 8
195008 -81 7
195161 -82 6
195323 -82 4
195486 -81 3
195649 -81 2
195802 -82 0
195964 -82 -3
196128 -82 -7
196280 -83 -11
196444 -84 -15
196606 -84 -19
196759 -84 -22
196922 -84 -23
197086 -85 -23
197249 -84 -21
197401 -83 -19
197564 -83 -17
197727 -83 -16
197879 -83 -17
198043 -83 -17
198206 -84 -18
198359 -84 -17
198521 -84 -14
198684 -82 -8
198848 -82 -1
199000 -82 8
199163 -80 17
199326 -79 25
199479 -79 33
199642 -79 38
199804 -79 41
199957 -79 41
200121 -80 39
200284 -80 34
200446 -80 28
200599 -81 20
200762 -82 11
200926 -82 2
201077 -82 -6
201241 -83 -12
201404 -84 -16
201556 -84 -18
201719 -84 -17
201882 -84 -13
202046 -83 -7
202199 -82 0
202361 -82 8
202524 -81 17
202677 -80 25
202840 -80 31
203003 -80 36
203155 -80 38
203319 -79 38
203482 -79 36
203644 -80 31
203797 -80 24
203960 -80 16
204124 -81 8
204275 -82 0
204439 -83 -7
204602 -84 -12
204754 -85 -16
204917 -85 -16
205081 -84 -15
205244 -84 -11
205396 -83 -5
205559 -82 2
205722 -81 10
205875 -81 18
206038 -80 25
206201 -79 31
206353 -79 35
206517 -79 37
206680 -79 36
206842 -79 33
206995 -80 28
207159 -80 21
207322 -81 13
207474 -81 6
207637 -83 -2
207800 -83 -8
207952 -83 -13
208115 -84 -16
208279 -84 -16
208442 -84 -14
208594 -83 -10
208757 -83 -3
208920 -82 4
209073 -81 11
209235 -80 19
209399 -80 26
209552 -79 31
209715 -79 34
209878 -79 35
210041 -80 33
210193 -80 30
210357 -80 24
210520 -81 18
210672 -82 10
210835 -82 2
210998 -83 -4
211162 -84 -10
211313 -84 -14
211477 -84 -16
211640 -84 -15
211792 -84 -13
211955 -83 -8
212119 -82 -2
212271 -82 5
212434 -81 13
212597 -80 20
212760 -80 26
212913 -80 30
213075 -80 32
213239 -80 32
213391 -80 30
213555 -80 26
213718 -80 21
213870 -81 14
214033 -82 7
214196 -82 0
214348 -83 -6
214511 -84 -11
214675 -84 -14
214838 -84 -15
214990 -84 -14
215153 -84 -10
215317 -83 -5
215469 -82 1
215632 -82 8
215795 -81 15
215958 -80 21
216111 -80 26
216273 -80 30
216437 -80 31
216589 -79 31
216753 -79 28
216915 -80 24
217068 -80 18
217231 -81 12
217395 -82 5
217558 -83 -2
217709 -83 -7
217873 -83 -11
218036 -84 -13
218188 -84 -14
218351 -83 -12
218515 -83 -8
218667 -83 -3
218830 -82 4
218993 -81 10
219156 -81 17
219309 -80 23
219471 -79 27
219635 -79 30
219787 -79 30
219951 -79 29
220113 -79 26
220266 -80 21
220429 -81 15
220593 -81 9
220755 -82 2
220908 -83 -4
221071 -83 -9
221234 -83 -12
221386 -84 -13
221549 -84 -13
221713 -83 -10
221864 -83 -6
222028 -82 0
222191 -82 6
222354 -81 13
222507 -80 19
222669 -80 24
222833 -80 27
222985 -80 29
223149 -80 29
223311 -80 27
223464 -80 23
223627 -81 18
223791 -81 12
223953 -82 5
224106 -82 -1
224269 -83 -6
224432 -84 -10
224584 -84 -13
224747 -84 -13
224911 -84 -12
225062 -83 -8
225226 -82 -4
225389 -82 2
225552 -82 8
225704 -81 15
225867 -80 20
226031 -80 24
226183 -80 27
226347 -80 28
226509 -80 27
226662 -80 25
226825 -80 20
226989 -80 15
227151 -81 9
227304 -82 3
227467 -82 -3
227630 -83 -8
227782 -83 -11
227945 -84 -12
228109 -83 -12
228260 -83 -10
228424 -83 -6
228587 -82 -1
228750 -82 5
228902 -81 11
229065 -81 17
229229 -80 22
229381 -80 25
229544 -80 27
229707 -80 28
229860 -79 26
230023 -80 23
230187 -80 18
230349 -81 12
230502 -81 6
230665 -82 1
230828 -83 -5
230980 -83 -9
231143 -83 -11
231307 -84 -12
231458 -84 -10
231622 -83 -8
231785 -83 -3
231948 -82 2
232100 -81 8
232263 -81 14
232427 -80 19
232579 -80 23
232742 -79 26
232905 -80 27
233068 -80 26
233221 -80 24
233383 -80 20
233547 -81 15
233700 -82 9
233863 -82 4
234025 -82 -2
234178 -83 -6
234341 -83 -9
234504 -83 -11
234668 -84 -11
234820 -83 -9
234983 -83 -6
235146 -82 -1
235298 -82 4
235461 -81 10
235624 -80 16
235777 -80 20
235940 -80 24
236103 -80 26
236266 -80 26
236419 -80 25
236581 -81 22
236745 -80 17
236898 -81 12
237061 -82 7
237223 -82 1
237376 -82 -4
237539 -83 -8
237702 -83 -10
237865 -83 -11
238018 -83 -10
238181 -83 -7
238344 -83 -3
238496 -82 2
238659 -82 7
238822 -81 13
238974 -81 18
239138 -80 22
239301 -80 24
239464 -80 26
239617 -80 25
239779 -80 23
239943 -80 20
240095 -81 15
240259 -81 10
240421 -82 4
240574 -82 -1
240737 -82 -5
240900 -83 -8
241063 -83 -10
241216 -83 -10
241379 -83 -8
241542 -83 -5
241694 -83 -1
241857 -82 5
242020 -81 10
242172 -81 15
242336 -80 20
242499 -80 23
242662 -80 25
242814 -80 25
242977 -80 24
243141 -80 21
243293 -81 17
243457 -81 12
243619 -81 7
243782 -82 2
243935 -83 -3
244098 -83 -6
244261 -83 -9
244413 -83 -9
244577 -84 -9
244740 -83 -6
244892 -82 -3
245055 -82 2
245218 -81 7
245382 -81 12
245533 -80 17
245697 -80 21
245860 -80 23
246012 -80 24
246175 -80 24
246338 -80 22
246491 -81 19
246653 -81 15
246817 -81 10
246980 -82 5
247133 -82 0
247296 -83 -4
247458 -83 -7
247611 -83 -8
247774 -83 -8
247938 -83 -7
248089 -83 -4
248253 -82 0
248416 -81 4
248579 -81 9
248731 -81 14
248894 -80 18
249058 -80 21
249209 -80 23
249373 -80 23
249536 -80 22
249689 -80 20
249851 -81 16
250015 -81 12
250178 -81 7
250331 -82 2
250493 -82 -2
250656 -82 -5
250809 -83 -7
250972 -83 -8
251134 -83 -7
251298 -82 -5
251451 -82 -2
251614 -82 3
251777 -81 7
251929 -81 12
252092 -81 16
252256 -80 19
252407 -80 21
252571 -80 22
252734 -80 22
252897 -80 20
253049 -80 17
253212 -81 14
253376 -81 9
253528 -81 5
253691 -82 1
253854 -82 -3
254007 -83 -5
254170 -83 -7
254332 -83 -7
254496 -83 -5
254648 -83 -3
254812 -82 1
254974 -82 5
255127 -81 9
255290 -81 13
255453 -81 17
255605 -80 20
255768 -80 21
255932 -80 21
256095 -80 20
256247 -80 18
256410 -81 15
256573 -81 11
256726 -82 7
256888 -82 3
257052 -82 0
257204 -83 -3
257368 -83 -5
257530 -83 -6
257693 -83 -5
257846 -83 -3
258009 -82 0
258172 -82 3
258324 -81 7
258488 -81 11
258651 -81 15
258813 -80 18
258966 -80 20
259129 -80 21
259293 -80 20
259444 -80 19
259608 -81 16
259771 -81 13
259923 -81 9
260086 -82 5
260249 -82 1
260413 -82 -2
260564 -83 -4
260728 -83 -5
260891 -82 -5
261044 -82 -4
261207 -82 -1
261369 -82 2
261522 -81 6
261685 -81 10
262010 -81 16
262163 -80 19
262326 -80 20
262490 -80 20
262641 -80 19
262805 -81 17
262968 -81 14
263131 -81 10
263283 -81 7
263447 -82 3
263610 -82 0
263762 -82 -3
263925 -82 -4
264088 -83 -5
264241 -83 -4
264403 -82 -2
264566 -82 1
264730 -82 4
264882 -82 8
265046 -81 12
265208 -81 15
265361 -81 17
265524 -80 19
265687 -80 20
265839 -80 19
266003 -81 18
266166 -81 15
266329 -81 12
266481 -81 8
266644 -82 5
266808 -82 1
266959 -82 -1
267123 -83 -3
267286 -83 -4
267449 -83 -4
267601 -83 -2
267764 -82 0
267927 -82 3
268080 -82 6
268242 -81 10
268406 -81 13
268558 -81 16
268722 -81 18
268884 -80 19
269047 -80 19
269200 -80 17
269364 -81 15
269527 -81 13
269679 -81 10
269842 -82 6
270005 -82 3
270157 -82 0
270320 -82 -2
270484 -83 -3
270647 -82 -3
270799 -82 -2
270962 -82 0
271125 -82 3
271278 -81 6
271440 -81 9
271603 -81 12
271756 -81 15
271920 -80 17
272082 -80 18
272245 -80 18
272398 -80 18
272561 -81 16
272724 -81 14
272876 -81 11
273040 -81 7
273203 -82 4
273355 -82 2
273518 -82 -1
273681 -82 -2
273845 -82 -2
273996 -82 -2
274160 -82 -1
274323 -82 2
274476 -82 4
274638 -81 7
274801 -81 10
274965 -81 13
275117 -81 15
275280 -81 17
275443 -81 17
275596 -81 17
275759 -81 16
275921 -81 14
276074 -81 12
276237 -81 9
276401 -81 6
276563 -82 3
276716 -82 1
276879 -82 -1
277042 -82 -2
277194 -82 -2
277357 -82 -1
277521 -82 1
277672 -82 3
277836 -82 6
277999 -81 9
278162 -81 12
278315 -81 14
278477 -81 16
278641 -81 17
278793 -80 17
278957 -81 16
279119 -81 15
279272 -81 12
279435 -81 10
279598 -81 7
279761 -82 4
279913 -82 2
280077 -82 0
280240 -82 -1
280392 -82 -1
280555 -82 -1
280718 -82 1
280870 -82 3
281033 -82 5
281197 -81 8
281360 -81 10
281512 -81 13
281675 -81 15
281838 -81 16
281991 -81 16
282153 -80 16
282317 -80 15
282480 -81 13
282633 -81 11
282796 -81 8
282958 -82 5
283111 -82 3
283274 -82 1
283438 -82 0
283589 -82 -1
283753 -82 -1
283916 -82 0
284079 -82 2
284231 -82 4
284394 -81 7
284558 -81 9
284709 -81 12
284873 -81 14
285036 -81 15
285189 -80 16
285351 -81 16
285514 -81 15
285678 -81 13
285831 -81 11
285993 -81 9
286156 -81 7
286309 -82 4
286472 -82 2
286635 -82 1
286787 -82 0
286950 -82 0
287114 -82 1
287277 -82 2
287429 -82 4
287592 -81 6
287755 -81 8
287907 -81 11
288070 -81 12
288234 -81 14
288397 -81 15
288549 -81 15
288712 -81 14
288875 -81 13
289028 -81 11
289191 -81 9
289354 -81 7
289507 -82 5
289670 -82 3
289832 -82 2
289995 -82 1
290148 -82 1
290311 -82 1
290475 -82 2
290626 -82 4
290790 -81 6
290953 -81 8
291105 -81 10
291268 -81 12
291431 -81 13
291595 -81 14
291746 -81 14
291910 -81 14
292073 -81 13
292226 -81 12
292388 -81 10
292551 -81 8
292704 -81 6
292867 -82 4
293030 -82 3
293193 -82 2
293346 -82 1
293509 -82 2
293671 -82 2
293824 -82 4
293987 -82 5
294151 -81 7
294313 -81 9
294466 -81 11
294629 -81 12
294792 -81 13
294944 -80 14
295107 -81 14
295271 -81 13
295422 -81 12
295586 -81 11
295749 -81 9
295912 -81 7
296065 -81 5
296227 -82 4
296391 -82 2
296543 -82 2
296707 -82 2
296869 -82 2
297022 -82 3
297185 -82 4
297348 -81 6
297510 -81 8
297663 -81 10
297827 -81 12
297990 -81 13
298142 -81 14
298305 -81 14
298468 -81 13
298620 -81 13
298783 -81 11
298947 -81 9
299110 -81 8
299262 -82 6
299425 -82 4
299588 -82 3
299741 -82 2
299904 -82 2
300067 -82 2
300230 -82 3
300382 -82 4
300546 -81 6
300708 -81 7
300861 -81 9
301024 -81 11
301187 -81 12
301339 -81 13
301502 -81 13
301666 -81 13
301829 -81 13
301981 -81 11
302144 -81 10
302308 -81 8
302459 -81 7
302623 -81 5
302786 -82 4
302939 -82 3
303101 -82 2
303264 -82 2
303427 -82 3
303580 -82 4
303742 -82 5
303906 -81 7
304058 -81 8
304222 -81 10
304385 -81 11
304537 -81 12
304700 -81 13
304864 -81 13
305027 -81 12
305179 -81 11
305342 -81 10
305505 -81 9
305657 -81 7
305820 -81 5
305984 -82 4
306136 -82 3
306298 -82 2
306462 -82 2
306625 -82 3
306778 -82 4
306940 -82 5
307103 -81 6
307256 -81 8
307419 -81 9
307582 -81 11
307745 -81 12
307898 -81 12
308061 -81 13
308224 -81 12
308376 -81 12
308539 -81 10
308703 -81 9
308855 -81 7
309018 -82 6
309181 -82 5
309344 -82 4
309496 -82 3
309659 -82 3
309823 -82 3
309975 -82 4
310138 -82 5
310301 -81 6
310464 -81 7
310617 -81 9
310779 -81 10
310942 -81 11
311095 -81 12
311259 -81 12
311421 -81 12
311574 -81 11
311737 -81 11
311900 -81 9
312064 -81 8
312215 -81 6
312379 -82 5
312542 -82 4
312694 -82 3
312857 -82 3
313020 -82 3
313172 -82 4
313335 -82 4
313498 -81 6
313662 -81 7
313814 -81 8
313977 -81 10
314140 -81 11
314293 -81 12
314456 -81 12
314618 -81 12
314771 -81 12
314935 -81 11
315098 -81 10
315260 -81 9
315413 -81 7
315576 -81 6
315740 -82 5
315891 -82 4
316055 -82 3
316218 -82 3
